[C.jpg]
filters=finetune2=1,0.210526,0.095439,0.058947,00000000,0.000000;
moddate=75050e114c32d901
width=1920
height=1200
textactive=0
[P1.jpg]
filters=finetune2=1,0.122807,0.092632,0.000000,00000000,0.000000;
moddate=83ff4cc77b35d901
width=1920
height=1200
textactive=0
[res2.jpg]
filters=finetune2=1,0.508772,0.036491,0.000000,00000000,0.000000;glow2=1,0.650000,3.000000;
moddate=1d5579226c38d901
width=1920
height=1200
textactive=0
